INDEX. ,

155

ΙΙΙ.

11111110 01 instrument, 160
,, 01 price, 105
,, 0101101110,100
,, ’1110011103 792
acc. 11010101160110, 134
,, 011111101101, 78
001010, 00101110110 10, 38
1411010111, p. xxiv
011110111101, 138, 334, 347
011010111342
Ambiuius Turpio, 0. 73
14001ὲο10111, 0. 74, 562, 575,
asyndeton, 96, 104
Atilius Ρ10011, 0. 73
0111001101, 4, 94

Birthday 01000110, 48

0000111100. xii

change 01 10100, 103

character-pamm, 0. xxiii

010010, 01 authority 101 the
1011, 243, 245

elimax, 43, 44

0011100100 words, 262

nat. medicativa, 588, 800
11010111, 844, 1010

· 0003ἓοῗὸ 1(00001101010011), 248,
1111111111100, 34

Dacium, 152
6014184111ἐ61101000, 15, 328, [332],

0101001010, 100, [1010]

1100011070, 219 ,
1100101101Μο, 7, 34, 80, 00
funeral formula, 1026
111110-0011001, 220, 510

(101115, 885
gerundivo, 225
Greek 101110, ded. 01, 63

Henpeeked 1110101110, 583

Ι1100101110111110(0010000110),
111161113 01 strong 01101101, 153
,, of purpose, 102
1111111101, 49
1110ἷὲ30.“10ὲὲ1,11ιοὲὲ9011, “119,

Laying 011, 97
1110100, 41
10011110, 91, 95, 150, 187, 100,
250, 363, 578, 680, 772
11110011011111111101110111110),
1 Ρ· ml '

Menander, 19, 138, 203, 357,
608, 757, p. xvi sqq.

1010011010, (1) 0011110ῐοί01,
70, 79, m, (2) 0011110111, 72,
310, (3) military, 348, 810.

Μο11010, 71, 110, 115, 120,
153, 28, 243, 273, 359, 485,

1101111001 plays by 00010, 23
,, 01 children, 49

 

